-494.759612864 360.300833242
369.127035589 -1.07021728167
-173.639522288 28.8553802036
226.719307977 -213.548530038
-480.518467418 418.79260827
87.4418582291 -339.454155183
-391.401508867 183.306730523
116.848353504 88.3450448847
-288.61140432 250.005295264
-361.629262022 -432.638154588
254.264529692 -45.291704806
171.700649931 54.3026490242
329.051525947 209.073548807
-72.7426084582 -258.552590177
347.698595392 205.806999428
446.485458945 -304.418418785
443.084879567 -211.633919427
325.985709441 407.904455385
432.025862034 -458.27707414
-149.837242546 369.405607285
-383.126969881 -236.463124203
21.6989008744 400.367705508
82.7526032063 43.8636448754
170.894964298 379.16943851
371.064691003 366.336728148
437.528422403 2.83953507158
90.1225584647 99.0897269101
210.866333938 -75.6107374181
-75.9567218813 342.646529792
-160.82059063 461.542443697
-433.783947393 297.27924464
-224.186634147 181.54945831
115.343895708 -430.872955065
170.871808427 314.76414465
247.041911627 -426.937965045
70.6531194012 318.787342823
-204.948614068 -474.020643136
430.028727745 -219.246120474
-160.777762951 185.679525871
347.104391177 42.5215562332
232.506837772 -127.779432973
-195.50856828 147.870981273
166.021988834 231.31605647
-49.331808955 -355.931983512
21.2146487243 -223.664426131
-466.518124703 -447.633059864
333.028986562 -169.366625923
65.3379643411 177.164674336
451.893476143 -319.714577901
-105.050676019 20.1549298445
163.271771689 -253.705780516
373.085871482 352.83044203
-336.826114076 -468.327879705
309.419933836 224.859667142
263.323296278 -262.540499402
-149.582507592 -307.317598759
-226.927287422 161.841002736
349.738724628 154.340290678
225.404392674 -110.887390337
-274.40511542 -45.4136956821
-360.247187522 212.892366218
-166.977266315 268.071718091
-242.134239431 -428.524672495
101.507931964 401.993827197
-317.429249077 -212.152846457
-372.269804803 334.761925104
-180.384903803 -89.7773534607
53.9676561726 -223.264593058
2.18936810627 18.1466732336
-86.3826910537 -386.206569685
-112.65299732 336.389497039
-479.414429839 161.803764068
15.6962924656 -316.289045114
394.458451055 -56.9881124028
252.633364086 177.989208226
-242.534661083 437.332898695
73.9908923076 -466.735187166
-116.789700354 28.7647259454
150.384766075 -90.963917373
461.502006886 463.761385094
-163.314666385 -361.639656957
374.353595617 488.261218002
91.3046008756 16.5539533373
-152.998111785 262.329791951
19.8342721361 205.508707984
0.14782699687 -14.8471868072
105.266056213 358.520387447
-473.699558189 -144.302592789
472.63986713 220.452288369
466.548748516 -239.72519708
270.579443019 -191.795721767
-63.466267012 -333.014530449
-248.244428403 -137.082577995
-233.135914586 7.22624598671
-107.400988599 418.112708137
400.260066732 150.213558682
58.8146657539 89.9501402438
-292.157749388 469.560156436
64.0034936632 73.2918985534
-17.0614741727 -148.416675463