175.161036278 235.618673544
-198.166867124 -370.773602941
189.761453118 -382.332854348
-367.249087346 -457.793215578
221.746962034 -275.781235141
-4.25442123662 -141.395157752
82.6214481674 -493.695805916
80.9051420387 180.217222157
226.635624921 384.648498938
486.893387695 -291.189441412
134.697697163 142.907784796
-37.2459573958 -347.439907354
-34.6790941115 461.714554778
210.25679021 -317.734541338
-325.962454771 -489.782703479
-497.532323754 -439.123986216
-156.099357034 49.4113191036
-142.001826668 190.030692992
341.213408444 251.714680029
-423.695800036 248.132684359
-298.527387086 340.326905765
499.847461905 5.85836232049
483.109620961 -319.535053023
-255.986006909 -171.714848567
-33.5401603043 -368.837730379
342.596442576 -386.813621885
167.906219213 72.8645652523
305.101628114 116.272046393
-69.5710424256 250.227106578
29.4825875538 -286.203954955
455.073602335 253.792726356
-169.354041427 73.5684157672
262.119719984 -348.209264292
-256.118522857 134.743248268
164.381218868 -123.730314626
-404.473162784 -102.845796688
314.170746918 -82.0019554544
62.0922670031 216.355088352
32.3963627416 220.982798519
-88.1265808744 -476.367628084
-265.671351864 478.683531082
290.889618957 254.649389828
110.05296388 -178.83164197
-177.011035228 -353.580670635
-269.628287807 -300.908609091
-31.1659807653 434.365133269
-439.635191354 -313.777393248
-126.020995451 -141.583217
-59.7951005308 53.3470526964
194.636104227 26.2230597577
-112.525813853 227.091236246
-377.570844938 438.233629108
-116.926870379 275.269290915
31.4254023436 -437.86457234
167.361119502 -481.345444995
289.755261061 173.250197004
32.7999557612 -143.575062484
-400.018018852 2.46507751838
55.7224079687 -456.179780301
12.5414057846 53.1762792952
-404.283938393 -13.3332267462
-424.954604707 -377.657671772
-346.088800563 122.584082648
-164.361222056 369.194198479
-113.375065032 -28.2135321257
93.7856412615 -296.869833193
310.723089046 371.709481262
-230.700063366 141.655496315
-373.656478041 215.991399874
-445.379974736 -421.58255035
-355.801538593 275.214786032
341.817897577 -240.635984092
207.05337573 -129.495186385
295.458113693 -302.473693982
-334.834540571 216.050065866
-441.107785941 196.4388477
-307.577198085 -34.0799328728
387.857433978 203.477715321
-297.206102616 -165.74233165
-406.658315719 -301.291056595
184.047221016 -82.827517318
310.407181199 313.266524485
346.518610971 -85.6304640436
-319.282076994 -84.4644685094
466.822046665 102.980004233
145.990263384 -494.5090235
-205.823456842 435.193308561
188.334699521 356.558871678
146.238056191 -427.946083755
252.885277224 -107.979161237
489.542216212 -445.845443398
-12.2477915362 -187.262277273
143.550422527 -364.327394287
397.424504863 -187.16555924
-121.226324164 -403.059751267
-71.3202363975 -113.1903573
-158.416482223 -86.0830173656
-27.9870281711 132.324662496
-219.200807381 -490.078627864
-252.797772198 -200.738158177
421.792760454 -265.32164566
108.166906344 -428.670277075
-249.878870044 -179.008678835
-316.283299366 429.928283206
392.246154879 321.767540102
-438.581281375 338.022432757
488.955091201 -234.398602355
450.907782226 419.34776519
427.742425168 -85.0641889628
-79.2071218984 -393.48991201
-327.768155544 413.30439229
-467.303485721 179.130926011
-417.548498632 -146.993459482
79.201152365 -486.703168733
291.18769128 481.883486534
-340.41739656 -244.315756883
-63.7119467733 409.465516169
390.953439067 213.787371315
-11.4154071573 -8.72392323362
185.839057753 -140.56675642
173.717874151 -304.76214614
73.3087403493 243.580134423
354.392670873 -8.72563657334
-255.803991581 -296.516983037
347.928816575 -188.641170438
-323.383643197 -186.463905671
-473.827162427 -198.557657051
-209.742254645 44.0737150312
194.929947963 -71.7220442925
337.195525927 -149.674563483
-195.809943264 310.734998254
-46.1765555119 -34.0779612369
-32.8629330683 -325.933200308
385.890828966 19.2779209443
-237.793467723 -157.909158336
433.578270202 -436.925384482
-397.948928606 95.3332782118
-122.925173705 404.288442932
443.808444008 27.9742079842
-295.654141704 -49.1271463005
-223.239914447 -463.240526881
-493.990485597 249.493405758
-50.0755944826 204.88286989
-180.23146209 281.066604813
154.557417977 238.203507172
116.646362293 -405.378843438
200.900709381 -365.72389847
-269.773356172 -305.022872344
427.235841799 -223.074930063
201.461805991 324.18021667
-443.668556083 491.977237415
-185.379151068 143.658440936
66.9168530256 -254.525104093
269.176544579 387.14552825
-452.672069172 77.9104199275
432.630816973 -335.838732076
-107.36566418 -128.851407381
-438.632902648 260.779162026
-322.576423499 -138.521997349
144.59989871 -330.027009323
-216.186451608 -456.833771305
-272.990294338 -100.40579868
277.241902759 13.2386384065
218.585733629 -193.706782364
415.569779419 414.379141831
301.240001168 94.6822242294
-295.66167834 465.264570768
337.903922636 255.095148713
-368.042240467 -483.440297997
184.370916145 449.82944633
-217.29688023 -372.05254424
-209.681901917 203.504411569
52.2440229972 -490.702423221
288.133393371 -147.883071768
-398.852333922 -143.699754858
-445.404027774 18.3513549108
-483.290187567 -10.2963788884
-310.678276328 149.332981867
344.950635656 -346.795044911
398.886923028 -75.7229765603
491.322663068 268.990401458
-181.189797231 -10.1257932412
-96.3322071319 -170.77158334
-205.239005995 208.296576294
-466.343346969 151.319453442
405.089943803 53.3908389557
171.155101037 362.66972422
303.050489676 -227.909829807
12.7282918426 -350.668814455
-422.444709394 266.211405884
138.371643978 -473.951570416
-344.424384361 339.732503863
277.542743437 213.529085937
245.584842542 379.341715339
212.834535989 301.318530389
-383.605019707 -114.680908353
317.540256598 -171.558953034
186.098136939 174.829914717
421.529361012 294.463907293
491.184372442 393.882047379
-202.237050928 -490.341213196
-39.3421962564 -159.421001361
470.67159041 448.910418489
299.109471602 -397.878698953
446.7805827 -406.184693233
252.202708268 -11.0601158573
-216.099083129 356.65645751
-283.163149129 82.8912322503
87.3765412855 427.430800309
32.3081181851 490.246238889
267.836051057 -443.512912669
180.666588463 -226.758701358
-48.771909131 459.838616917
-442.176927218 -100.060226972
146.675189072 -133.422537529
171.052035704 -127.690519289
326.299824154 -39.3440932926
225.224867064 383.733364855
-188.141260541 -495.141664393
-214.650221422 451.258414659
333.374134568 -203.837996186
-222.549358967 -234.222990839
186.341737296 233.840973402
-249.010248221 298.440603368
-180.65543106 16.0579412676
-294.130739388 -153.791785811
329.105739701 -246.159466768
-255.221521227 -31.6352448547
86.2858913406 468.136989382
125.95261797 -215.264369859
49.5861709669 81.0175727164
-236.551562115 -480.857175535
371.80665771 -273.101436247
406.409615556 -68.669601623
265.553263143 408.080747329
-371.817118381 259.284427721
34.2672173941 372.875292987
-451.4961629 54.545427679
-41.3939578056 -415.050124042
13.5082954051 -229.665107947
482.625146675 -238.592796528
31.4455795005 476.402329752
265.700505691 350.807308739
421.462721835 131.398458574
-352.529238789 -341.359303865
445.998206352 -481.973120084
446.060781716 223.614858386
-451.524709286 -322.062299451
358.801660293 -138.246314139
340.48154116 452.633686045
-4.50213309028 -226.235031487
-7.46597456588 -473.627608908
-2.14220780905 290.592471989
-5.71186083414 -321.627313916
359.865495343 -476.714376789
351.014493128 111.884153981
394.30349189 -183.827839404
-19.1240292815 -110.984137642
-96.5343256488 -261.288611467
58.1733650044 -34.2499015607
-43.7474949398 431.976430936
48.4127054673 -141.764254869
143.591990279 73.1376645294
-494.818836761 -422.444205877
236.01020275 -76.3436246712
-464.76249415 464.798441146
-472.204937906 19.5362497553
-212.544022667 -134.27015871
-291.514944179 169.121305232
-129.592177397 427.263027001
-242.479769418 -286.736577535
-107.811287774 -112.148484348
-483.850789013 -184.252133791
-36.5951610555 83.7035594968
236.243979356 383.479931505
-63.4937452187 102.806035321
301.659299199 217.841849208
402.761735048 -459.768829112
-165.674291116 7.09096766197
4.7433994897 129.468520399
200.74927936 -439.740924038
-94.9631258423 -38.9787146029
308.137732876 -164.332873911
-349.868132931 -48.5656275165
157.787992211 -268.184035621
477.442741294 239.531819377
-314.30258203 189.966540999
-270.310041287 333.294700658
-272.002175135 102.5282392
-22.7734270653 -460.817597727
37.5265465766 201.680588042
-124.256913758 -156.580076698
-410.168293006 -496.253217517
-57.5712678589 -217.375447408
440.688278565 -425.734897685
-275.807510386 149.036277143
307.487721903 -181.733932175
-12.8279071459 227.138854456
-316.709714693 -21.8630257131
-120.911655186 59.1617119746
142.18805865 -342.34403989
457.673417918 190.693212921
-299.38197817 -0.910147213194
-126.564121403 244.06700313
-380.616045679 167.354793707
-320.276565306 -345.333355582
-364.158133198 409.290050828
-296.863033125 130.96953837
-170.994612881 -147.822660106
435.05881512 135.642049574
412.566667333 387.013107843
13.6055443586 363.079375775
-129.95274408 131.385569912
-419.880305688 358.082315439
-85.7965511603 5.30465488504
265.86986019 -10.7378795447
-241.235229539 229.021241594
-104.642403641 -291.497113285
149.679284217 288.74640861
-293.299970874 176.150616741
326.272641479 329.993457258
-193.918780039 -301.593626964
-250.147312882 -82.2716142983
-418.25982482 -200.842023872
-314.245677567 457.266756361
-5.0684271039 110.404566381
-113.792694019 -490.919937206
-250.614059939 52.6231259636
497.855297117 -259.210992298
-307.582393176 459.588385754
74.2974747149 -83.9176436032
-298.808307747 -460.933090163
251.921160269 132.988845604
-29.8313040051 338.44099966
121.743512706 -232.0917138
48.3134619442 388.429782005
-410.170923746 282.604026447
-456.453926853 -58.7014338694
314.931136088 -127.204275651
349.365034746 -8.64700746785
-254.728797152 -293.665289147
-437.835289685 -147.204274528
386.023502696 403.106379061
-56.3941391966 280.405160849
-339.910803196 257.972078787
159.700226174 -3.45397639346
308.296011575 -127.878942088
-483.820393961 -227.147392219
-244.768003639 -37.6114019243
-395.342630931 165.572500181
-275.857210311 153.022706133
294.727717216 345.256514979
3.58937803731 -232.440782399
268.817727795 -175.941578989
42.7276355664 488.445883085
-199.126356723 430.179972145
-9.46720216836 488.111210933
-213.29868128 354.405591944
468.931170528 280.360999431
-227.750381403 307.396314502
69.5656923566 428.183479491
-308.140710418 154.645548017
262.06424587 336.478109119
467.293481651 254.227024636
-355.144902845 -186.352681906
192.897597023 -483.939525239
-279.093873751 -285.650170771
-231.880039 234.048109064
322.660422862 491.968051696
413.265510856 56.2928956192
473.311611446 400.980626084
-418.133304569 -456.741424612
361.004079049 339.224083688
-331.35039329 -37.7571536146
-55.0496469684 416.734148531
114.243588695 380.781148313
-418.931583591 244.819482059
241.504711937 -406.880426254
98.0881431728 -86.8461043381
-392.127206748 462.52257546
-98.3280168599 -447.975096325
290.692777371 -277.476120781
-59.7349670056 311.903347869
-92.5892678103 -283.862717507
173.946584895 -469.59328252
-216.221680455 346.235812912
227.962387932 -316.127402489
-372.741177421 -5.64737221764
-137.627085839 -397.759378951
-400.843396088 -233.425492236
-230.932118601 -257.224785884
426.716526494 -465.370772081
89.9811728603 -70.2242068617
174.165165281 328.720659489
-414.479620377 -167.403498319
338.161287812 167.24977884
-100.929945755 -231.63625008
371.688295256 167.226739453
-373.646779724 241.729923144
-2.99378042376 109.139326552
87.4198209389 -169.075143845
336.125674618 -288.098388829
-493.072650125 -184.439991202
-292.05118733 -53.4083482675
-198.014347754 -265.291519418
471.448041309 37.483559466
428.305237513 -431.358605875
226.743582749 -88.7013698453
124.209002064 432.128739631
258.284973316 218.365065187
154.56961958 -273.897052164
101.14334663 -36.4458645893
-491.656230432 -312.663290111
-142.417923025 -394.547167849
25.4212539661 -315.678074319
354.922908393 -426.227841904
416.12551177 -386.922229523
367.185367096 22.0952572572
34.5312912148 -36.0647257676
127.076846856 -14.5848944583
107.420011597 391.058440328
203.203505021 381.477623735
-216.464167202 -162.321303079
-468.330783656 -12.3532457292
-455.482158957 -278.298114321
21.5732641029 404.011699623
-403.626752348 -220.411261959
218.612410349 -389.315361017
392.113189388 -124.351175446
95.6501921519 -435.515156945
233.205801782 -371.929776977
163.99632713 27.8712885363
112.778553531 48.2556325303
491.850008136 373.97112885
-109.820212372 203.072541631
142.921202071 -338.585721917
52.5666725302 45.6110542436
-408.955027108 190.829171463
-273.611346147 -375.494803081
-131.719899502 -121.961607173
41.3326200863 -385.816896183
-470.159008477 -365.650048578
-239.397155561 442.723881567
141.452180405 79.8834293446
-313.073593746 -408.235303052
257.662220459 -86.7159639215
-496.090723422 164.259669208
-487.715407546 -406.224329319
-314.710950765 75.469337634
15.7347692208 -136.454260849
-144.701829457 169.260529045
-384.281644882 63.4293272205
73.0349222768 40.0935673355
217.793611097 399.473747349
97.5337498689 100.314147055
53.4942548369 79.7104496711
-164.860534159 -30.2263260157
-18.2831538104 -322.177579291
-90.2138446481 438.16529404
-231.634034182 -208.612575315
-95.7301982337 297.030274832
-19.9744277686 433.28855453
-364.184460747 451.649752437
157.098427162 -280.155349232
-103.683072557 162.016734465
-6.41801194226 -178.483330269
250.860068349 -388.192442749
-245.407235758 200.097093801
-234.40757018 357.560005376
-190.881503322 -226.204748045
216.459293563 283.953968867
-317.231193431 -328.610094041
281.993879207 408.483439923
212.241546476 -339.55106652
-200.684837964 -498.005557219
431.824511418 -416.287440466
283.931769594 129.621046474
352.170623803 124.763202689
-490.817240987 -338.047338833
413.175414045 498.356786989
-343.809042961 -423.836986794
-32.9790225963 131.27322677
196.20622952 -462.71594413
-442.09834149 254.154248421
70.9020689128 394.80294819
73.9077699229 215.266109179
457.851349786 -404.597845874
-411.775584426 70.4225302697
148.159177167 454.97551799
106.279588298 -81.6799877654
108.867598395 -248.174597639
-22.6373301724 317.204650897
111.944863477 -315.15243818
226.686664535 122.985686452
104.861801458 450.561725058
449.585952889 -222.280963196
-72.1105308939 -124.787056819
-53.3975800477 145.145244213
59.3745678496 435.557289549
368.657553641 190.004976414
84.4276407595 499.181227764
120.621272276 -221.462810809
-300.468637942 -109.345366211
128.882204002 -108.226957282
-283.052372468 -301.493973565
16.3829430406 5.74641381856
-195.60860479 -230.88116572
89.7079708607 -133.049287366
235.783428209 486.323324232
-195.649940716 405.136312792
205.890632619 405.939377361
-275.902727216 58.2734926349
426.906378226 80.5296599527
-370.362518168 16.0561655957
-152.517559212 -135.941826015
155.566888766 -264.424187751
312.697804217 239.949137501
137.786496423 -293.654196302
-256.500567253 379.7943081
-255.414030421 432.227267344
498.471458882 82.5128924585
321.041885408 325.588312324
-187.374577323 -30.3366665675
325.313974501 -26.0462158681
194.564696022 243.237578355
405.729165265 431.717110525
25.1270787097 -424.653141918
246.088294486 220.650654246
-448.386927855 -131.316180188
-111.432024972 -269.891276789
185.398419572 -35.6276143928
337.82519937 -103.486491562
-454.20075026 350.56691904
303.461519449 -486.937843298
-439.144086674 302.532795569
-494.049044301 237.107385619
-471.361514995 134.673898381
114.667885678 -100.162341954
-163.652455505 -485.889358984
9.56538573087 -485.449727917
-117.168065867 490.621650427
237.25414102 174.735378178
-277.943562892 -108.848605288
9.77502455645 37.8850510754
-370.270949279 60.5842909488
-72.1965934719 -352.429853699
23.2588293544 -387.898920502
149.995788636 355.439008881
-34.2139373055 -126.904831833
309.537933143 147.338928806
-176.504589908 -428.982793349
-194.245953331 -356.116670273
-397.500005023 8.73979145856
-386.655079542 -304.098383187
371.499906683 -178.283553277
-131.632099984 -251.625783207
-450.884846088 -4.93025734819
16.4668784344 239.811035364
134.513156774 -294.670621309
86.5141477209 -410.985097709
93.0953347157 -354.775072022
-464.961844988 185.048814098
390.449470374 -325.63144809
428.031394113 107.5402712
168.864802047 -411.704985507
-356.889109369 117.736475639
277.787098671 -351.052988907
-406.539175364 279.726372227
-317.200614686 303.271658319
-33.3370873915 -356.028932193
-428.049724573 -211.448144125
-82.1865308386 -16.1544478243
-152.722918958 185.556559991
-474.113099356 368.64099197
324.511129497 -81.4206110894
202.091922176 166.152689643
-57.5090559723 -108.330669586
394.241993068 -321.103676305
358.344723202 370.390168611
-424.134452342 397.977081823
331.92279298 334.652298544
-318.368265749 -463.154689706
420.667119885 -223.560793945
297.180946866 -435.034524844
211.92313654 -142.600974902
-65.8984140347 405.080061683
-308.596527454 -208.187437512
240.967086846 -162.097211051
455.812365566 395.677120435
413.480860811 88.277699875
221.945569767 -274.313090983
201.588420963 -69.4299729108
385.354627324 170.693822589
-154.767347972 398.380323825
159.199019394 12.6882700378
-243.633634431 313.139641779
-86.1185028745 -172.862205263
44.7952149834 -137.558060533
-415.503441659 28.2274760603
30.6250719717 -313.608430569
-440.901344358 22.9983922537
430.428739343 -115.70780197
-451.81280411 -276.260828147
118.067888285 129.970533181
-140.38797018 -334.328007999
-154.244274801 -167.348604931
-354.396830967 -292.302481849
-32.3738119937 440.534162571
-59.7059045057 -381.469734001
-38.8568802055 311.3420981
-313.771202783 310.91075561
-51.1161058302 364.779985388
-334.208577043 -203.323771381
53.793536807 -38.3796565342
-229.375208067 278.66394766
-341.575991919 461.771339368
458.925975794 -268.095127122
358.0837014 -378.68005685
407.100541473 483.8652462
-469.529033 353.638529436
41.9352635418 -482.83465299
-48.4676301265 21.8878065235
-469.854901754 -205.364049892
106.025349906 499.071567237
-233.42371487 136.336137208
-143.970579031 428.644268893
-242.201996174 -279.862316648
278.839404106 263.755432093
-279.7141296 164.83658721
-429.958408436 -93.1645764135
378.346085199 -425.002666235
-247.340384144 313.053128257
282.748971953 -426.651545008
418.293164767 53.7269939908
446.972770875 -114.733192735
-454.371561001 349.226707991
103.213828578 44.5247115369
467.852108826 185.207093992
30.7018847558 25.4320533394
-376.74553416 199.507100378
172.402669788 -11.0010605254
327.605484075 -327.742825424
-255.442324963 160.627293783
36.2717969353 348.956405355
-458.450940714 -305.463726293
269.662030563 -316.115030707
-40.5110601755 -127.749148013
-25.5921920937 -456.286585606
283.602848253 -11.8004999219
-245.181875723 -402.113102715
-317.639397204 -131.948486506
123.512140742 -369.962907784
-103.769788026 336.904741912
-471.715860304 42.6199626659
-279.664199729 -401.720094234
-57.5653068072 -93.6417358626
175.061941405 -270.375605318
-228.594635312 -232.00730095
140.621112362 434.1034717
103.853788783 -318.716099457
-30.0956750348 415.030272603
-101.272479577 285.632034774
-98.0004836816 48.1297037072
-368.197508846 -73.5660714419
-381.484113022 146.840892006
153.803931301 -99.4046031564
-113.241903589 -228.039503168
183.692388018 -379.309946014
-471.051324689 -148.684258221
262.257357683 143.467920329
441.542230574 107.134249559
-415.243313253 196.002654618
-117.474121103 4.8405920673
13.9691805597 -99.6695471864
-318.555023535 459.888976117
-3.52531803478 -302.222559621
346.390195948 -167.190777374
239.474523123 468.088860202
-94.1775277693 -17.11576539
303.102149063 -377.333191725
-402.20500008 282.951779662
310.695049887 -193.052880231
356.908376544 86.2160347911
-101.12080507 240.670879451
-137.419856814 -183.217824856
242.680898434 -24.0939362944
-146.654386399 153.455906365
-253.817575448 435.299243973
241.97376677 -231.201555002
-216.077177294 -282.706725294
348.279144863 99.0288626748
-245.501966463 -320.65221696
28.8097876791 201.227765293
-374.138855609 -138.717611007
-286.517851419 127.27038355
103.384399986 -398.386125019
34.5871345086 -233.22566358
196.305529991 -434.14162512
331.935748118 96.6367260744
-300.757518335 -474.287215637
339.051036034 -438.615501544
-455.724889901 478.622355808
-99.2200817072 -80.542901668
459.878229547 402.922062405
-4.44200327038 -424.305797446
211.993065931 -25.5569974294
394.616391981 132.674893449
-332.572033279 -213.066184635
134.564846573 -37.9597958756
478.048582279 -310.671665476
249.312110869 -467.057005609
-149.226238022 -194.929866504
-72.6770868107 124.623282029
281.806183514 -228.729800881
112.19423293 165.653617392
351.668387267 -248.38990265
365.485612 -358.456411724
152.511813091 -212.531325873
-176.434067945 186.408082399
-444.609123855 -196.431145235
478.735327489 -420.533468977
-334.94783008 -107.697261203
-120.348336984 143.18833715
-362.449821955 140.586812889
-473.644598773 369.070709367
78.5649651854 -355.780914725
393.474528489 52.8708717325
112.695264359 352.207909904
397.799583733 -127.814150743
356.658780091 -229.724276034
-220.901417161 378.647555014
-363.544123734 418.876784991
322.132503169 333.882341599
-152.034005052 -226.512834543
386.936676415 -473.325625589
360.793732203 -248.18963967
-152.445105694 -372.276480732
437.57180359 -205.902769452
-55.9455978365 25.9695758478
-122.364589165 198.800208692
254.751818708 -14.2848455874
282.991913644 73.4493251041
15.6005010559 411.742741062
-342.266334859 -172.487080288
127.440456112 141.545597173
474.033606432 -348.942268381
-21.9148625038 -476.24393703
158.483037936 -319.0740322
-435.407756176 271.435070207
416.490837621 308.36164536
462.697641585 -71.8554736941
156.660860678 293.701054005
-142.100862679 -306.725659595
186.833388492 -216.124310646
331.572313292 -59.4541960314
210.043382481 21.9492664422
-189.563396305 -68.153538598
-412.313191366 -401.830032485
126.29286333 -151.391467778
-430.451837635 -185.160605777
404.247406495 -180.074773663
396.666587653 -240.643144975
382.117822862 195.596691252
-338.834001048 225.116945338
-297.779159514 -47.5156455826
211.353364132 4.45326049615
391.494004567 -367.778534104
87.7233182463 107.637440355
418.333155131 -269.488044092
-405.281515808 -288.725702367
-319.83522215 -375.828618852
166.222946051 -85.5974545576
138.946392289 -466.091725813
-360.828806725 -350.444025227
-346.304660981 129.979365427
-41.0747427326 173.43942895
368.657261484 -307.913885813
-123.758307788 -328.280449358
221.91627318 -355.640583503
-80.0279724375 338.544630951
230.056869059 -401.138048212
-206.870362654 317.79709297
-424.88789653 -143.488051186
-45.8427564946 -55.5197677552
-497.859073804 181.585616266
245.764266813 329.775157197
331.977878581 -22.6614264823
116.385848918 -457.251705195
-449.763228128 472.144600075
-241.2030713 368.72421334
34.1528504004 359.357035426
-38.4583742571 12.9679535569
-53.516216111 420.142276498
191.912180158 -333.153768884
35.3243865036 -463.289127463
-82.0532655107 -199.225753331
158.05295647 -57.2730065189
5.65309596987 -330.373252394
-202.465413506 -477.731963133
-441.010566255 10.6132992081
288.252146753 42.708895022
-78.7471286925 323.922453043
479.781770428 -442.555075322
-157.686355414 191.696942205
-296.469273904 -462.321000108
-151.365887694 235.142369752
136.191167922 391.82813213
25.1092077856 -160.396215991
-229.414811602 -123.090424094
423.826869532 450.862607542
290.078602873 132.065330489
-15.8144703952 494.323686224
92.0672367178 -358.379279958
54.8198766291 -9.5790786375
137.495943861 458.262112593
74.9467242588 111.691573614
40.2858980909 -217.242411602
-192.475005745 444.494402216
336.092187304 -315.14308565
-319.387678227 428.246750253
227.032471041 -462.993935056
-185.651586515 438.562196905
156.293515342 381.479889125
-5.69083669208 479.039556984
-445.293102286 -126.073600931
5.59434753288 -449.612562878
406.169242978 -449.450437549
471.048580761 -205.707009038
-186.006400241 -377.461054636
-24.7230331179 96.3480460796
206.704679904 267.442700481
-369.330653573 -489.137904975
-377.670326799 -162.78600314
228.007045726 460.441309628
-162.456070887 277.782844433
244.828568381 -150.020874356
242.699062754 328.719674719
-499.946578925 -488.364739977
94.170889516 -411.089388829
452.426988171 -219.246243894
292.558858178 -167.141500436
-134.87692404 -32.0571775988
17.2449082222 73.9900139819
-391.633075376 -12.0525838118
-111.164042477 83.2265358767
-392.231858262 297.872505723
-177.278826303 -90.0571420922
422.40402501 -121.397135083
-300.654418418 91.3979507584
72.8323861491 337.128717146
15.8868988488 69.8940407767
-210.722068392 -122.595043853
207.885696727 -381.183151579
317.242146141 174.793509214
-252.268742562 -153.413584771
59.3406712043 24.0870751474
-103.748235842 -220.544842111
173.303241655 193.690944297
-429.770316091 -476.129352371
198.425959065 346.974614308
110.360368885 -470.092075702
439.435347831 -402.931958212
-404.577036908 -254.040040558
-228.690491478 200.45980921
135.840501059 108.794440721
-133.843190699 -235.146426266
400.841163925 205.807017539
-58.8797347879 -476.32237646
56.3556405588 -278.849404251
-186.496009607 264.041055955
-194.488729549 -423.552997551
212.675523776 -335.883275402
152.772799595 353.935594556
333.16350076 404.497046738
176.360568936 172.04578442
324.890136112 -247.845706268
-394.979772573 -61.4622625763
301.851652071 400.036437357
-151.472236174 86.8344484169
278.500482454 -428.581999916
48.4082344236 258.480201103
268.134993168 -22.2156919958
-445.092871448 465.589938993
169.710289194 324.319980867
-87.5311547884 -197.202974527
-70.4802816854 49.8954071491
287.506999125 -87.216172151
-491.268328835 -300.55917966
-198.689420163 43.4472915798
-203.747946531 -247.269898212
-284.649976779 153.224747037
22.2783469713 75.1061130254
240.432656955 125.716117494
-456.168564047 -0.00328307672658
-154.718011502 -402.185453078
324.54387452 396.64158028
-406.743318577 282.849516976
105.622697929 429.326332009
364.527025558 244.981812746
111.114645137 -155.395732098
283.781991834 -458.992781978
-499.014666177 443.79787885
-117.261657056 -65.3758111945
-61.7831709277 271.354950251
334.384139644 0.0746863104354
-240.079566461 254.230001089
445.561166536 -462.069238401
132.037514863 -222.023694114
424.894062137 157.616521498
-317.898539817 -327.694455752
377.763114997 299.994426324
-449.40750356 21.8658832498
-5.82364537345 348.814401201
273.024241455 -424.324378424
278.045765339 -220.961578634
392.557733304 -492.971220646
-38.602607363 -289.472791864
132.209762349 -470.049192238
247.040248569 -342.826016255
20.3766152846 364.069945715
405.825829024 6.32871088257
447.74101595 499.108338432
-5.34298903311 -1.38061044572
-443.469385066 306.981965886
477.396679749 429.677973748
-81.7000510278 -259.220353891
-134.416199677 -33.0452283269
411.05587765 108.347649651
-96.6663635306 146.703876571
374.903990698 102.711259112
-163.056587551 -11.2484795149
-382.864239445 112.178583879
436.780835225 347.237193224
-457.799888948 326.32439716
340.499986659 253.769187615
498.086533667 -86.3538147694
-4.29236677988 -459.416325511
-348.12893524 -159.376402014
-495.706629243 86.5691691085
240.830660496 198.247688642
-281.930134354 -86.5352842067
91.69361404 443.676068814
-194.500578427 420.612242112
-459.91224623 -10.822314949
466.308167615 -277.415731297
-366.09176549 -232.063092371
-7.94573819687 267.711534638
12.9781641817 -137.760021232
-28.5932002301 108.79914895
155.658370488 -241.246959839
-238.728089283 197.499297433
-177.517627359 -371.314777016
-204.076867977 -348.2048866
-235.77920192 263.881117587
-352.324544224 42.4550644039
-28.552241061 -327.85875996
321.359159646 -443.407408618
-205.15292926 -85.234084279
-82.5370217881 -109.042350937
-250.457399123 343.528360789
463.853648328 385.517381926
-357.797828073 377.856003816
-464.995699007 486.789631112
33.8716127784 -240.545412745
-492.078656372 -69.1384181635
287.23721805 326.715437183
-485.46645593 -355.820582801
36.8539726788 -309.067033439
73.6118267055 -318.996451279
2.63774920734 349.496752123
99.3230968102 126.107698168
-458.516109532 -199.775844632
109.311340443 425.325008606
71.4119101683 408.58930462
-392.779343812 -452.799399382
-274.76734659 480.214065254
-130.326741166 336.022012373
-145.043168656 8.59472920008
-181.139821624 138.492638207
243.124034666 452.416021168
-430.449328024 -427.21874575
-53.2697628379 179.175868162
-140.639740949 338.585414779
-459.975946223 -126.428011873
-322.192272353 192.771140245
354.808567511 114.579674868
-172.405751382 31.7702433713
-81.4930711274 -498.649236265
255.170698193 238.912665508
-173.525412544 366.510331569
353.034052735 -137.015309603
-340.557327424 101.543230474
-287.325297862 432.48609794
309.879551781 55.4154641225
-177.194040417 75.935866648
-160.756206497 -487.344680234
471.333239932 -268.057836045
-169.602155455 210.636833077
-160.480834666 -461.738626869
275.402419139 -139.571738184